poses 1: tensor([[0.4930, 0.7137, 0.4983, 0.6811, 0.4799, 0.6951, 0.5166, 0.6765, 0.4721,
         0.6997, 0.5480, 0.7462, 0.4616, 0.7648, 0.5584, 0.8857, 0.4538, 0.8718,
         0.5584, 0.9834, 0.4590, 0.9788, 0.5297, 0.8625, 0.4852, 0.8718, 0.5270,
         0.9369, 0.4904, 0.9323, 0.5349, 0.9927, 0.4799, 0.9881],
        [0.3800, 0.7035, 0.3800, 0.6981, 0.3770, 0.7089, 0.3861, 0.6873, 0.3831,
         0.7251, 0.4044, 0.6873, 0.4044, 0.6981, 0.4439, 0.6765, 0.4439, 0.7035,
         0.4287, 0.6332, 0.4348, 0.6387, 0.4712, 0.6819, 0.4682, 0.7089, 0.5199,
         0.7305, 0.5229, 0.7197, 0.6186, 0.7629, 0.5715, 0.7089],
        [0.4726, 0.4971, 0.4796, 0.4930, 0.4702, 0.4888, 0.4866, 0.5013, 0.4656,
         0.4888, 0.4772, 0.5386, 0.4749, 0.5345, 0.4422, 0.5843, 0.4352, 0.5511,
         0.4072, 0.5884, 0.4049, 0.5303, 0.4959, 0.6631, 0.4982, 0.6548, 0.4702,
         0.7586, 0.5648, 0.7669, 0.4445, 0.8831, 0.4842, 0.8375],
        [0.5003, 0.5676, 0.5048, 0.5596, 0.4935, 0.5596, 0.5026, 0.4712, 0.4822,
         0.4752, 0.5139, 0.5114, 0.4732, 0.5154, 0.5365, 0.6400, 0.4732, 0.6721,
         0.5093, 0.6239, 0.4890, 0.6802, 0.5093, 0.6922, 0.4800, 0.5917, 0.5116,
         0.7565, 0.4935, 0.7806, 0.5048, 0.8530, 0.4913, 0.8610]])
poses 2: tensor([[0.5382, 0.6627, 0.5447, 0.6549, 0.5339, 0.6549, 0.5599, 0.6627, 0.5295,
         0.6627, 0.5643, 0.7398, 0.5230, 0.7051, 0.5729, 0.8324, 0.4796, 0.7514,
         0.5860, 0.9095, 0.4536, 0.8169, 0.5187, 0.8440, 0.4905, 0.8208, 0.4905,
         0.9558, 0.4601, 0.8632, 0.5317, 0.9018, 0.4883, 0.8980],
        [0.4922, 0.4471, 0.4978, 0.4371, 0.4865, 0.4371, 0.5035, 0.4471, 0.4809,
         0.4521, 0.5091, 0.4823, 0.4724, 0.4923, 0.5233, 0.4270, 0.4526, 0.4371,
         0.5374, 0.3718, 0.4385, 0.3918, 0.5035, 0.6078, 0.4781, 0.6078, 0.5007,
         0.7284, 0.4809, 0.7284, 0.4724, 0.8188, 0.4894, 0.8238],
        [0.5361, 0.4695, 0.5361, 0.4648, 0.5308, 0.4648, 0.5308, 0.4883, 0.5255,
         0.4742, 0.5387, 0.5071, 0.5123, 0.5024, 0.5572, 0.4554, 0.5255, 0.4272,
         0.5678, 0.4037, 0.5387, 0.3708, 0.5334, 0.6152, 0.5202, 0.6105, 0.4991,
         0.7374, 0.4911, 0.7421, 0.4700, 0.8267, 0.4620, 0.8267],
        [0.4614, 0.4803, 0.4640, 0.4710, 0.4562, 0.4710, 0.4693, 0.4757, 0.4510,
         0.4757, 0.4797, 0.4988, 0.4458, 0.5035, 0.4536, 0.4386, 0.4354, 0.4571,
         0.4380, 0.3969, 0.4276, 0.4016, 0.4797, 0.6054, 0.4562, 0.6054, 0.4823,
         0.7166, 0.4380, 0.7073, 0.4849, 0.7953, 0.4145, 0.7953]])
